"","step","amount","oldbalanceOrg","newbalanceOrig","oldbalanceDest","newbalanceDest"
"step",1,0.141,0.056,-0.021,-0.008,0.021
"amount",0.141,1,0.387,0.055,0.047,0.227
"oldbalanceOrg",0.056,0.387,1,0.599,0.018,0.062
"newbalanceOrig",-0.021,0.055,0.599,1,0.04,0.013
"oldbalanceDest",-0.008,0.047,0.018,0.04,1,0.651
"newbalanceDest",0.021,0.227,0.062,0.013,0.651,1
